-53 -9 -16 1
-34 -1 -9 1
-20 3 0 1
-53 6 -20 1
-60 -5 -28 1
-102 14 2 1
-60 -3 -11 1
-27 9 2 1
-20 -8 -5 1
-8 4 -7 1
-66 6 -1 1
-41 11 -18 1
-28 -6 -27 1
-9 0 3 1
-47 12 -15 1
-61 -11 -4 1
-65 3 -30 1
-57 -3 -12 1
-47 10 -19 1
-37 -10 3 1
-24 6 -19 1
-65 -2 -7 1
-52 7 -10 1
-35 -3 -3 1
-30 16 2 1
-27 4 -8 1
-35 15 3 1
-36 -1 -6 1
-51 16 7 1
-60 -4 -15 1
-2 18 5 1
-50 0 -13 1
-43 14 -18 1
-67 11 1 1
-60 -6 6 1
-47 6 -20 1
-62 15 -1 1
-39 -7 -18 1
-48 9 1 1
-62 -5 7 1
-57 1 17 1
-52 6 9 1
-54 -4 -10 1
-31 6 7 1
-43 -1 -18 1
-15 2 -18 1
-67 11 -18 1
-5 -10 -27 1
-31 -13 -8 0
8 -5 -14 0
-43 -4 -4 0
-22 -12 -17 0
-2 -15 2 0
-45 -6 -22 0
-41 -11 -30 0
-83 -1 -3 0
-36 -10 -9 0
-3 -8 -28 0
-5 -17 -25 0
1 -11 -22 0
-55 -10 -16 0
-22 -5 -31 0
3 -14 -10 0
24 -10 3 0
-35 -9 -18 0
-49 -15 -7 0
-42 -4 -20 0
-34 -7 1 0
-24 -14 -17 0
-11 -8 -29 0
-47 -12 -14 0
-31 -6 -21 0
-14 -16 -26 0
-7 -2 -15 0
-3 -13 -16 0
-10 -4 -21 0
-11 -17 -23 0
-27 -3 -7 0
-39 -14 -18 0
34 -1 5 0
-31 -11 -13 0
-23 -5 -25 0
2 -4 8 0
-40 -16 -5 0
-14 -4 -20 0
-34 -3 -3 0
11 -10 -11 0
-8 -9 -27 0
-22 -10 -8 0
-46 -7 -8 0
-12 -9 3 0
-19 -2 2 0
3 -16 -3 0
-48 -1 -22 0
